x1:0.67198366
y1:0.22167726 
x2:0.7494598 
y2:0.33806702 
x1:0.21125802
y1:0.33956558 
x2:0.3093571 
y2:0.48694485 
x1:0.77098656
y1:0.44879586 
x2:0.8540619 
y2:0.57363844 
